4089.920410 
0.026855 
0.099623 
0.248656 
0.001046 
0.264497 
0.167588 
0.240501 
0.107666 
-0.076722 
0.038953 
-0.036851 
-0.034442 
0.057471 
0.147860 
-0.045172 
-0.002963 
0.016938 
-0.042395 
-0.215730 
-0.141321 
0.183357 
-0.307231 
0.086921 
0.279124 
-0.073079 
-0.231080 
0.085663 
-0.161126 
0.016320 
-0.399783 
0.277355 
0.134009 
0.118156 
0.007910 
-0.012265 
-0.067373 
0.162774 
0.089060 
0.006225 
-0.114101 
0.087414 
0.107969 
0.002109 
-0.141696 
-0.026654 
-0.117571 
0.051977 
-0.103572 
0.112239 
0.054234 
-0.137032 
-0.061789 
-0.066208 
-0.104953 
-0.011678 
0.134235 
0.089494 
0.092015 
0.034840 
0.084315 
0.003534 
0.036903 
-0.112312 
-0.015241 
0.024001 
0.024702 
-0.027840 
0.168140 
0.083933 
0.072879 
0.023195 
0.035567 
-0.122642 
0.025219 
0.090695 
0.146888 
-0.090467 
0.046235 
0.103595 
-0.051667 
0.028736 
-0.031778 
-0.026380 
0.043496 
0.116561 
0.090039 
0.037460 
-0.083499 
0.016913 
-0.098233 
0.059200 
0.127126 
0.064466 
0.086307 
-0.071790 
0.137297 
0.012218 
-0.012235 
0.140698 
-0.054514 
-0.090274 
0.002756 
-0.022457 
0.053729 
0.089346 
-0.122139 
-0.052512 
-0.062797 
-0.055839 
0.076410 
0.073339 
0.085525 
0.039195 
-0.021932 
-0.027878 
0.200888 
0.091433 
0.019419 
-0.095386 
-0.127718 
-0.127718 
0.150255 
-0.032308 
0.040134 
-0.001809 
0.017545 
0.098025 
0.043269 
-0.063514 
0.066208 
-0.166106 
-0.037990 
-0.002324 
-0.014833 
-0.106120 
-0.022965 
-0.147830 
0.092645 
-0.019800 
-0.038450 
-0.003377 
0.107740 
-0.071239 
-0.087115 
0.101568 
-0.006201 
0.064412 
0.149544 
-0.046342 
-0.012307 
0.018595 
0.034086 
-0.138827 
0.194783 
0.081648 
0.145509 
-0.052751 
-0.026059 
0.130656 
0.033820 
0.048098 
-0.146050 
-0.083431 
-0.040217 
-0.015580 
0.014070 
-0.126189 
0.083231 
0.125156 
0.019766 
-0.002247 
0.106978 
-0.068514 
0.002778 
0.053579 
0.012482 
-0.071158 
-0.059372 
0.026301 
-0.081416 
0.045378 
0.002967 
-0.049204 
0.041276 
0.134793 
-0.078708 
-0.030558 
0.058385 
0.110771 
0.090591 
0.083767 
-0.107208 
0.036329 
0.059496 
-0.157672 
-0.209707 
-0.088856 
0.094017 
-0.046663 
0.011191 
0.009466 
-0.135458 
-0.193012 
-0.082693 
0.106344 
0.029225 
-0.074752 
0.068217 
0.070517 
0.079214 
0.097457 
-0.181090 
-0.244208 
-0.064561 
-0.012671 
-0.050726 
-0.058429 
-0.132267 
-0.090762 
0.024250 
-0.020450 
-0.046177 
-0.046460 
-0.176692 
-0.005419 
0.039574 
0.004451 
0.113680 
-0.073912 
0.011714 
0.134276 
0.022804 
-0.074515 
-0.090860 
-0.104371 
-0.023084 
-0.016914 
-0.024454 
0.094025 
-0.010389 
0.136393 
-0.027705 
0.035968 
-0.056091 
-0.014336 
0.037567 
-0.032952 
0.077117 
-0.091652 
-0.057296 
0.086439 
0.044657 
0.152592 
0.137665 
0.000698 
0.049583 
0.025674 
-0.198234 
0.050382 
0.024499 
0.131326 
0.116841 
0.003318 
-0.049989 
0.024839 
-0.006650 
-0.003267 
-0.024750 
-0.090524 
-0.041699 
-0.161876 
-0.038389 
0.048454 
-0.154838 
0.095549 
0.164134 
0.025929 
-0.024852 
-0.048634 
0.074997 
-0.002063 
-0.144007 
-0.004982 
0.072836 
0.136700 
0.073221 
-0.149192 
0.110812 
0.229865 
-0.180562 
-0.044440 
-0.058206 
0.019336 
-0.195219 
0.136475 
0.210407 
-0.188267 
-0.038763 
0.139365 
0.047408 
-0.102804 
-0.016500 
-0.056980 
0.036572 
-0.096888 
-0.073041 
-0.169349 
0.141456 
-0.057469 
-0.197592 
-0.266139 
0.061486 
0.134228 
-0.018632 
-0.050607 
0.058765 
0.217601 
-0.017857 
0.043272 
-0.105616 
-0.181460 
-0.152730 
0.072670 
-0.110230 
-0.163965 
0.040517 
-0.115593 
-0.004759 
-0.031978 
0.107608 
0.027634 
0.030319 
0.130002 
0.093067 
0.047374 
-0.114287 
0.136654 
-0.101406 
0.016327 
0.048797 
-0.024737 
0.008679 
0.084963 
-0.044225 
1.384136 
-0.921000 
1.380375 
1.377727 
-0.925474 
1.369180 
-0.929548 
1.360496 
-0.933277 
1.355505 
1.352622 
-0.932445 
1.348995 
-0.936206 
1.345242 
1.346308 
-0.937330 
-0.938975 
1.337185 
-0.941734 
1.326748 
-0.945013 
1.321788 
1.317991 
-0.944215 
1.308539 
-0.948112 
1.301202 
1.298288 
1.291938 
-0.955194 
1.286150 
-0.958107 
1.277730 
-0.958771 
1.268390 
-0.958667 
-0.963305 
1.259924 
-0.960155 
1.248119 
-0.967071 
1.241797 
-0.968846 
-0.970013 
1.233312 
-0.970558 
1.225862 
-0.973475 
-0.973320 
1.212135 
-0.976718 
1.206506 
-0.977688 
-0.978331 
1.195618 
-0.979977 
1.189141 
-0.979754 
1.180912 
-0.980511 
1.176335 
1.173266 
-0.983839 
1.164160 
-0.986301 
1.156091 
1.152947 
-0.988014 
1.142730 
-0.985965 
1.139542 
1.136509 
-0.989365 
1.127723 
-0.991717 
1.115783 
-0.990957 
1.109262 
1.108709 
-0.990999 
1.103277 
1.100525 
-0.992750 
1.094489 
1.094290 
1.089847 
-0.994493 
1.082793 
1.080604 
-0.996585 
1.069361 
-0.997203 
1.061929 
1.060838 
-0.995390 
1.055722 
1.052659 
-0.996892 
1.043828 
-0.996464 
-0.998747 
1.034688 
-0.999124 
1.020814 
1.001955 
-0.999255 
1.019389 
1.013245 
-0.997484 
1.005711 
1.001045 
0.994072 
0.990383 
0.981455 
-0.972094 
0.982849 
-0.978888 
-0.999255 
0.971557 
-0.989869 
-0.999124 
0.959793 
-0.995329 
0.953540 
-0.998566 
-0.977361 
0.944409 
-0.996855 
0.934704 
-0.996447 
-0.997203 
0.925079 
-0.994835 
-0.988772 
0.910002 
-0.994005 
0.907801 
-0.995378 
-0.995001 
0.895569 
-0.994245 
-0.988236 
0.889826 
-0.992244 
0.883267 
-0.991120 
0.874386 
-0.990700 
0.868224 
0.864537 
-0.989874 
0.854983 
-0.988387 
-0.987507 
0.845988 
-0.983180 
0.837942 
-0.980605 
0.831737 
0.827747 
-0.972395 
0.818712 
-0.982254 
0.813608 
0.810924 
-0.980073 
0.804205 
0.800234 
-0.978029 
0.791052 
-0.974864 
0.786593 
0.783470 
0.779560 
0.776032 
-0.972498 
0.725046 
-0.971700 
0.758492 
-0.969972 
-0.956230 
0.747124 
-0.966290 
0.739547 
-0.963275 
0.731443 
-0.962806 
-0.961507 
0.723453 
-0.960236 
0.722123 
0.719451 
-0.959016 
-0.957618 
0.710333 
-0.954706 
0.701741 
-0.951732 
-0.953317 
0.692783 
-0.950070 
0.683643 
-0.947096 
0.678103 
-0.945877 
0.673569 
-0.944037 
-0.943774 
0.664848 
-0.939676 
0.659183 
0.656219 
-0.937330 
0.648690 
-0.933412 
0.627894 
0.639968 
-0.918524 
0.632664 
-0.923409 
0.612433 
0.621840 
-0.923222 
0.613865 
-0.919607 
0.607936 
0.604925 
-0.916807 
0.601507 
-0.916359 
-0.915463 
0.592232 
-0.912475 
-0.909922 
0.583519 
-0.902337 
-0.883222 
0.579588 
0.573521 
-0.904647 
0.573930 
0.559591 
-0.899963 
0.565768 
0.563233 
-0.897099 
0.555606 
-0.892880 
0.549692 
0.546901 
-0.890065 
0.536197 
-0.885133 
0.533566 
0.531988 
-0.880192 
0.523993 
-0.875623 
0.514509 
-0.871125 
0.506904 
-0.867722 
-0.867569 
0.497594 
-0.862855 
0.489976 
-0.859223 
0.483565 
-0.854683 
0.475294 
-0.850556 
0.469234 
-0.846641 
-0.844325 
0.460746 
-0.839097 
0.452680 
-0.836978 
-0.834804 
0.444931 
-0.829402 
0.437976 
-0.827118 
-0.824608 
0.430520 
-0.819732 
0.422549 
-0.815756 
-0.813359 
0.414644 
-0.808422 
0.406880 
-0.805388 
-0.803475 
0.401635 
-0.798268 
0.395964 
-0.793446 
0.390928 
-0.791194 
0.387936 
0.386326 
-0.780114 
0.377092 
-0.782177 
-0.778831 
0.370055 
-0.773554 
0.362616 
-0.770563 
0.361949 
0.360566 
-0.765463 
0.355101 
0.354209 
-0.758976 
0.346328 
-0.754828 
0.342167 
0.343968 
-0.743660 
0.314217 
-0.739655 
0.327632 
0.325752 
-0.734708 
0.321177 
-0.731269 
0.313796 
-0.725419 
0.307999 
-0.718271 
0.300303 
-0.713302 
-0.710811 
0.295537 
0.291983 
-0.705780 
0.286750 
-0.699984 
0.281380 
-0.692555 
0.276333 
-0.687877 
-0.685348 
0.271243 
-0.679503 
0.261732 
-0.672366 
0.255368 
-0.668153 
-0.664962 
0.248886 
-0.658418 
-0.658418 
-0.657344 
0.242639 
-0.650343 
0.235633 
-0.646047 
-0.642929 
0.229607 
-0.636483 
0.225314 
-0.631840 
-0.629457 
0.219345 
-0.623078 
0.214027 
-0.613335 
0.208714 
0.209339 
-0.607265 
0.202987 
-0.599346 
0.198078 
0.196699 
-0.593245 
0.189786 
-0.585833 
0.185577 
-0.580156 
-0.578380 
-0.574358 
-0.572962 
0.180141 
-0.572949 
0.172275 
-0.556219 
0.166042 
-0.554531 
0.163555 
0.161933 
-0.540034 
0.157127 
-0.545035 
0.153131 
0.150892 
-0.525819 
0.146433 
-0.522015 
0.146595 
0.142091 
-0.511956 
0.136718 
-0.503837 
-0.503690 
0.134794 
-0.493991 
0.129894 
-0.485397 
0.125831 
-0.483076 
0.122465 
-0.470939 
0.117227 
-0.476071 
0.112166 
-0.470535 
-0.459741 
0.112535 
0.110058 
-0.455617 
0.105517 
-0.444075 
0.107633 
0.101466 
-0.438525 
0.095600 
-0.429421 
0.094834 
0.093392 
-0.421007 
0.089047 
0.089510 
-0.411371 
0.082461 
0.085803 
-0.401449 
0.085614 
0.083993 
-0.392670 
0.079950 
-0.387478 
0.076158 
-0.380197 
0.072719 
-0.373084 
-0.370466 
0.075339 
-0.364613 
0.067479 
0.065284 
-0.357237 
0.065932 
-0.349907 
-0.344586 
0.059924 
-0.336584 
0.060576 
-0.335366 
-0.331931 
0.056273 
-0.319577 
0.049235 
0.049134 
-0.311200 
0.054507 
-0.314254 
-0.306997 
0.047516 
0.047369 
-0.296371 
0.044593 
-0.295602 
0.045055 
-0.287329 
0.042528 
0.040683 
-0.275227 
-0.281104 
0.038261 
-0.278628 
0.037299 
-0.263115 
0.034662 
0.036198 
-0.261777 
0.030573 
-0.255160 
-0.242255 
0.029010 
-0.241927 
0.028289 
0.026569 
-0.230769 
0.025183 
0.024801 
-0.217716 
0.025976 
-0.207615 
0.021833 
0.015860 
-0.198613 
0.018319 
0.019033 
0.018558 
0.016582 
-0.182470 
0.015459 
-0.173659 
0.013052 
-0.169211 
0.013759 
0.013956 
-0.161180 
0.013615 
0.012692 
-0.152441 
-0.151749 
0.012152 
-0.143451 
0.010164 
-0.132926 
0.009861 
0.009881 
-0.124357 
0.009876 
0.006334 
-0.114254 
0.003399 
0.007518 
-0.106809 
0.007547 
-0.102239 
-0.095422 
0.003916 
0.005265 
-0.086914 
0.003439 
-0.085448 
0.004042 
0.001690 
-0.077073 
0.004770 
0.003065 
-0.066680 
0.004625 
0.003925 
-0.058403 
0.001337 
0.001170 
0.001618 
-0.043961 
0.000472 
-0.037580 
-0.034272 
0.000410 
-0.028137 
-0.026512 
-0.021437 
0.000682 
-0.016116 
0.000850 
0.001764 
-0.011932 
-0.007170 
-0.001532 
